1667342102
2060673250
2609518406
1922055943
2671821092
4187966035
776353451
904987528
3584131712
2380427440
1166850551
1009576693
1404256892
2254359940
3692761676
3025069768
3537473342
3477816625
3766754306
4037934253
3519353372
2900854045
1498460411
4087814143
195854657
3193235350
1465469831
4260375088
2979024182
2384047075
2625876611
1057422703
3071466197
567774985
1556530331
2544464788
1554630902
3174263770
3473837546
1641386728
650182802
3184212940
221308766
2490504238
2799963182
2417007865
1822200506
3464150698
1074489797
2826819220
2416059341
3905106283
2059783097
1323521455
1684120046
4200885988
1748667467
3897309985
3428143376
2279203078
2359427222
1303533790
1768255001
2818018693
1277454752
2598882115
3988950851
2106795028
951230012
1803712210
1651767431
903802288
4161889037
2515247725
604605896
1257897478
4265901062
63365005
3655723436
905958313
2014069682
1224904885
1672642031
319214173
1324306487
2704433155
3346087391
1819513918
1469757137
1024427455
1317285251
3180624763
2510904107
3629099365
1763004551
1627624123
2057651222
328138735
4126121471
9832108
3647973842
3665147440
1118607311
1104162163
3717958262
1760173855
4090588496
2358420613
2031891197
4086193495
595104041
1551928393
2731842917
3347998930
2539115966
1385416093
4078666292
3029148625
3195963026
379654123
951540782
1717994560
2242268681
1099164568
1162986602
3151428775
2859435956
2997858463
83131397
2221750885
1679979911
3181044493
408311297
3701481370
3191094311
1645027363
2363793002
2739599530
480014426
3319883068
2198910332
2784904780
3030039626
4202636818
3879877142
1715150800
3133199666
3411188113
1987343462
6688195
2429142071
697927273
1531878197
3827437690
2704230506
2506724533
410695547
86835460
3727503896
796741558
3167171777
1096919110
25127321
3571806748
2856124127
1598797780
1500293351
4122071353
1070341202
2587952815
4145586386
3405438628
1950394217
3150993235
2217925571
3590740093
3783391262
1666168870
506444411
2505286333
32474702
2275939315
3614474636
1024136533
740451017
907362565
61500266
1540066708
2101658687
1097553970
4015626356
3483285133
3359704427
3258872350
2003867651
3868707328
1101051437
1509884890
1616749556
661614763
406261787
722679580
989634476
2117896963
347291582
1622932510
973824431
2731413298
2260418807
2419667095
4167217781
718160398
1085664992
1491199510
1695347951
3847869853
3056058077
3783652915
3309194036
3825218863
487833812
1720932325
760707161
1159889608
3166504952
559834540
998227211
1036848433
1701242387
3946169425
3563696231
1713497668
1651357937
2207682280
4286327771
1978706743
907930757
3827895070
689930636
1573483798
571351337
3602617195
312872126
1324149538
3768940742
2747188240
3854775416
2264796703
2883469997
3825257440
2656311926
867823978
3529110182
408710995
1876344146
2131417423
777835547
2586001810
3084974831
2857633603
1574699657
539042770
59072876
3380047873
3877662977
3747159865
3406312571
2082712318
3163675037
35606980
1598918426
3119964448
3807674147
2678093020
709546556
3228773608
3591245267
866123365
664199861
164037088
3103642607
2722694050
2747727641
2685110293
389015447
2564071720
2138886026
1560207223
3625105877
245867065
1873850801
4165800688
3572846762
4115739580
4179125216
2516541118
1036118417
4155572710
323543366
2235835228
3907897892
1496241115
96205211
148341838
3034969322
3256859890
3646478966
3620815453
224016677
1447317070
1766694146
3664809688
661245212
2162467465
3851171801
3896017063
1134643607
2642020630
3918392816
1266870778
3098541332
3524826130
91060121
2664956623
3872321567
1724021650
1828253186
1053353158
3668213882
3265951150
1184918321
831002488
3424103987
3619490710
1498573376
2843500588
3547457612
3473214130
3301907666
2422297858
760377812
502522690
1006553426
1805096218
3267709862
1418817085
3869939036
1606932808
115206647
3297557800
3574523021
3161077588
3419271917
3009830935
419396336
3962772238
1300772282
19107715
41736191
2641351123
1782971852
5670835
4232209631
1779877633
4287999107
3278736760
3382897406
1110484633
1166408372
898693840
1669335446
1305463393
3506938952
3263960530
171719381
242751508
2113017587
2222155315
1355317991
1403378038
4028373407
842761795
1826538821
2272517083
4246701017
1915833505
393658931
3896424553
2172382427
2952350785
2805093161
1560356143
1209131837
214142770
3445145501
90973618
936444092
2868199765
1330323866
1807004893
2661647027
284128540
3151811606
699743023
228777272
3583391890
1024661486
2384929243
4146397022
2738377060
1661765261
2388892603
1243842002
1904448685
108333521
1249785013
2407555592
847165225
3350897501
4273621063
3481131422
2040700285
1153875341
1053460513
4221132932
4221216085
3700276061
2615020993
1832431217
1462549495
1930685666
3001252768
3792631697
1197134875
2869702046
3660996058
1255816547
3264731395
4080756161
1542059638
2627465807
3177822640
2637746651
2881043878
622402667
883909870
4107309821
4251551938
2530686677
1414455310
3206434901
2469928288
2955560867
1196234380
1880462396
1744711708
533006477
3853941880
568113356
1582082803
8082422
4097796250
3927421346
940866028
454470812
2827098190
2067541916
2418924718
2179182002
2368385485
363742286
3084714778
3442845647
1817996125
4208072096
1057479208
185520857
3206348635
3524973461
1212055468
1737055532
772757755
2070183206
1576791298
2013647732
3349669855
3959331026
303970888
2893901537
1094766910
3875947601
1029694408
3387578552
2182769965
2712078596
853254148
4292690777
3781593280
1127996456
2167978198
2790241052
3169823455
2201786111
3315388288
426104102
349018900
1976910581
1938010528
2239840127
2370370150
3525860096
830678743
3291168332
449495275
593530736
897940498
3389298272
3347807335
3640101881
3583665118
2010374222
871418530
4077849716
40969393
2715808847
3761271730
3385992341
380798053
3456209942
3459991105
132904091
1245750043
3239387852
2673185455
2362932596
2975095378
1420376132
1106535415
3695560346
3280954513
270331562
2039267440
3159855791
454107493
1193429702
1375035115
1428802616
4123596148
3369622727
662897035
484524056
1345889413
114303107
3731692330
1643745941
2663975383
787514402
756350965
3536137361
2426928253
3036017882
1954744975
3305434826
858187528
3774440837
3417626845
2337438461
3845424148
783992267
3547156480
3656139641
1276255438
144344222
1094739280
669495191
4156439998
19313822
4290274930
3029911661
2810837533
1493597672
3668379565
1340345111
1084875493
2372783537
2676988105
2690584946
191446423
2258564012
2255445220
1559586461
1970181178
4104046367
1905027115
3733783316
300274558
4174227032
3495833815
3048624026
2114486953
509210642
647470135
3423645686
1231941538
1390714352
2856900460
4253727761
455989393
1551262277
1297729060
2399143151
1404416908
2706956777
1048007215
3315471581
2999237758
4941767
640901590
3789651776
2403246553
1127311592
2391458395
3825586331
3008705908
2136981722
3051256450
1670449541
3411627223
4218321377
3281458375
3944045051
2067770188
1377256142
1340316355
1217301281
458691013
3821151737
4233280555
2653393916
3312885208
2673795482
1764775330
4101301556
414746608
2073686717
2570478340
2693618126
2284059148
2032906787
4274167090
3947798951
2417990398
2804650337
1920235990
2507856746
4115802943
1921167062
3114323050
253526231
1449463423
1224516062
255000310
1430650811
2612532298
4168613387
2798669260
1952085311
4253691028
3454009877
4190375020
3879479561
1855328413
4202952452
1462669945
3513620906
1649206453
1021209662
3080544130
2379510911
1072924408
2867638577
3259293355
468941816
4095260038
1630648952
4272362620
4209599756
2863825873
3457682312
1871817700
1216581671
2189997448
988564817
2818175905
2957551796
2902828378
3951207272
2969421340
513822836
1944089983
3160114472
3906711745
2276524061
1411527178
993301112
1714540075
1803658226
2577864433
2868399317
3670967050
2312469116
2144278603
1756741532
3817569955
3053986976
1600891348
3226506272
1201542460
2959600466
202089973
1705599497
1522099735
2086088321
594168178
3663156542
3164963410
3032327486
622040548
3068902937
1791388915
3426370616
3269023318
1030856822
3308648770
2383615901
3372416743
3596414552
3563631265
2904050546
2230765063
1381234982
24358420
1345664156
2750982253
438042947
2994495490
1632553481
1618264243
2907075932
802733935
81765836
885890578
808456967
3904012660
2651160926
1005780508
3449719757
1070016520
1380960236
2304052168
38005832
2868577510
1504337696
642842323
2399090177
3790775740
1121905226
552744808
1345958462
3874419910
4060332236
411474193
1093541687
3730924945
4084363646
1381230373
2469381362
1027522900
814665461
2955114238
2135824097
4049691265
899987651
2135366608
2427900257
795993355
656921951
2275108288
306303392
1808123455
2865913721
868669408
4255747907
1174298605
1687633481
568329793
1587257387
3852162145
3252718886
2441849578
2128220942
2328241690
2330629751
109577398
3181864952
2699921440
349456421
3449890588
21636617
3378851890
3866234396
1461211528
551391797
39529135
4099345151
1497510883
2388794222
1452550270
3361532786
2061999943
2708448527
3793404535
3306570041
4030298383
3401525702
325128205
3780656141
195190078
2595025547
523929430
1375569281
2981266378
149466332
4263405580
1499997086
812675383
4103332442
2883073660
780151931
4176292513
4186988942
2215949380
4252021856
894178228
3354833492
251450455
1480223576
2008191478
925795472
2427078925
1299026996
154131508
1509770537
1636736935
1005963611
1195358578
2385805367
2167488925
1872825446
2914552663
3283823897
4269703990
1626429611
2650625473
3528977507
456915010
1244875196
2148763438
3396712652
1614950500
3384414401
2210786173
3351093332
460483735
1006839071
4175837233
1072786472
1381957255
85045136
636469978
2198519087
3674363230
2056516226
2609609893
2130441812
4292073610
1200815486
856421248
1333216622
194567950
2656253276
524946898
732225047
3084648610
156969161
22045183
1813386467
3737378830
3702717686
3070552483
716587937
3131785615
1708364936
1181236168
2511443357
2190088555
775118531
585959473
3926806142
1861582165
1525159421
2791864873
494666717
2080967170
1440037406
2541014383
2932554767
1710336055
3163068536
637241863
2266722152
4238014465
993177191
3184356433
1806263372
3025359325
4011860261
1745819428
4095802727
3794470780
783105131
218970613
3284460887
113315935
3917682896
3017478928
4014632147
2153128090
3218921486
4172001523
2700442292
4008256570
4151666816
717489088
825534572
961929760
2624142401
1778306578
593454302
1429161580
1544486126
486946138
1841832227
2756104915
467030846
3679522318
3346823687
3171802255
2752635836
2070153928
1830510737
97070740
3305392751
3600013828
2981774867
3003099865
1944293486
1398490303
3394264577
1572078715
1951819346
1802477008
3076758797
60315970
3346584641
4166302123
1466789957
2799770095
2449479896
1643711203
2507905562
29769010
820586771
2436770233
4104290402
3182303755
600304811
1845537583
2159500592
1367174395
2511933431
2403023023
2663327222
1031358865
3595510331
1218642523
3043464722
2799700135
1871320391
3087963223
2340786137
2913101020
3388105061
174528193
3144574772
78965395
144679436
68406988
1820645042
1355094370
928245776
3260250043
3334640297
3316949530
155848946
3781014463
1220978117
301702630
2215916726
2295241813
738760952
1071269845
1051848311
3529999858
1583391767
4037339920
3070819271
1108832128
1883828252
1327297750
3667954256
403186033
2615065667
1308864655
3896710976
2716763443
1501641902
3190134205
4230541886
2533426198
2570635487
2323614205
3624412286
1485149398
2571455132
3191698375
564717731
1832492653
3247950677
149658880
908684471
4193660458
3684836132
460660360
2841290156
2794952158
653945582
3445744510
802353551
1714005268
2037492782
2698283065
1041833696
2909030233
3532936382
2126281435
3203544476
4059084463
1342923527
2263655965
2204204021
1802248633
2455639922
3268328515
3094805336
3111870643
1414722092
1625375665
2110556291
2659568323
3710457692
3773448835
4232257826
1762852813
666723707
2816474800
1490517671
2507710468
3564691787
1521159040
4168189076
3670132453
1709797637
3355581010
2962008686
2964615898
4281424877
103035445
380279591
4145893858
992362277
1340380015
1098626
21170278
3122332067
165662680
913812266
2314099573
99326267
2408018350
2338945511
517923283
2625139187
2386244755
1338911801
2631179323
1919319662
1947602335
1976058836
926203018
407479922
1905828325
3973424921
114884713
3920402837
2782784200
3779131706
329997208
2744566907
3375480535
1784805056
965932933
368678432
1726278145
1462918511
2462733823
1795544372
1313792530
3201281606
1586084263
3457656632
38852110
3315892076
1237245133
2746806572
4106876380
300138956
1504433008
2554229117
186887515
2403115751
847261903
3546131867
1623612940
2767991981
1230657358
867187367
1335995545
2118024221
3293887963
1340005232
3318601255
607021256
2904391168
1692128177
484691815
3578436506
1801368883
1607451017
4264724440
284196611
3091049638
4133876852
4273737580
2201342411
3335776558
2609273597
3786674920
173727551
732429943
2044286492
3798016975
3904251791
1694505523
2588235587
83223730
1493045786
2563747378
1083271307
905109805
2595055526
1037076763
2554971092
3107579830
158568056
2974218328
3795466607
1671475075
1256068376
3767684593
2021089577
4244512375
3538159046
343942033
2883509342
878536510
4028393696
1336607413
3552230192
2355423925
1432099256
3004511818
843452222
3675635335
2004160601
1407201868
3680170577
973863505
2998951091
817266658
3867676997
4001001310
3714918116
2174817913
876737552
327110320
1512472706
1927779928
4240332722
2255214190
1777545671
3240227038
2843090492
136755370
2558071391
1279598743
2622001997
2493229660
3439168766
2207594338
3887762762
3633577765
2306443001
3245037508
3436318997
372615235
2764832996
3760842688
938380487
708402385
919978421
3181022563
3529341212
190751785
606298286
3392373298
2546107292
3761713735
2105650646
114891343
2577303812
148498030
4260932786
1495753
891555347
569395255
1393216601
37107673
1352992967
1524501745
2589032426
3732846238
102033527
4157257750
3227908196
2406389173
153533402
3575296660
271064321
1917838858
4277797757
111727885
741115556
1235118073
2631975812
2128725265
851128886
2805633598
1811999777
523100005
953403056
2736161803
1034836097
1175784910
2514049166
3791763733
2514144317
2144965795
2670812501
1608486268
270914492
3878570710
1491251561
2839306858
393049472
2322078595
2826107501
3062526358
665769752
3289806310
1245119696
3885716698
117345002
861896065
3533000396
1370864008
1879094687
2635828210
4242432026
673893523
4067898587
1107539860
4227004571
3618558193
248751167
1663420900
1601478626
533949778
4144804547
2391928960
2376082991
3619242613
29705402
1958883280
3763152386
2634140743
4148231492
3453834640
3580250111
1564412833
1205093732
2934568870
1405584311
604836208
1124496062
1955721625
51673586
2988830593
2724148367
1610711635
1609431821
2473955353
2899160657
1850329615
3285118466
626664358
2160064907
3508474420
310423826
2444326903
1298558552
1234210855
316919486
3734898373
965174687
4149676510
4189588376
979289683
925226822
2650678480
1258369286
1449714343
1272227072
3966997825
4137009926
3395299678
4080257927
1991023825
2329544981
2469819403
1721441447
3491938435
3879269186
2679558028
239622602
3685002340
1547896031
2299439113
1187669327
1795089895
2447844026
3704032258
349842272
2382144100
969487181
4144570663
278095037
1114805740
1307440931
1323161518
4234254467
858634105
2912757266
359536558
1056164552
1049786860
1096085711
2583349588
3455890172
2823034510
980590391
4108299208
251486042
3833337790
1585159136
1708399708
3929424152
2528838970
212107346
3150278488
3436342202
2114219590
2134765991
1152179173
1936109042
2812796515
3983581826
3957946618
278452802
1488369010
4195048181
891321058
549049802
4276876720
3467844326
208084408
1153403702
1468968610
3753586826
82016848
1126149737
3780380755
2442582401
1580525773
2557874342
3944098825
795529961
448375858
513883517
2382762730
1523596571
2497778878
3275315312
4162067215
1857810746
1156442518
1725395657
2073731035
928358741
2015936488
2391275957
3596928310
1992286781
1942937233
3297299042
2715145540
596593541
3042915328
935004617
1922311945
3365257016
2592467878
143967512
4160633950
3171504746
2628522988
357950072
1152915745
3866041826
1875454033
1115874767
3205931800
2116246661
1893963868
2210123957
368985820
1751724881
408197548
503884202
4278829510
1028222351
2689715338
1989196037
193082230
3100877096
858752968
100495112
2110085620
3607116146
1618393273
225431672
83933560
207657296
2091535168
3731088977
2484794095
977124941
3082720063
2122304762
2098868845
830886731
1252590013
1439417747
720299920
2352914201
418514998
537985682
1252893850
3976707491
1574008078
2067777527
3432095125
1079041811
30993