921725769
2599777239
1626814029
591162639
1952268234
2929769169
1362588639
3234175674
4273409559
215136579
2070759594
3636206124
2831646189
2573650959
220730769
1685348004
4047739149
1669061919
2915194644
2056980159
1845437769
1376492514
299698659
1877767944
3272572044
1186026894
3611411454
1591464909
3192950334
1951758234
3496245804
4118816064
1853820894
1460273784
359802414
4166254989
389802909
3908355894
2184266979
1535562024
2942839194
836064639
3090108069
2239286544
3642984024
1187276904
1806365394
4134555684
202468434
1137287724
1694265864
1692881214
3681836844
3756175719
266210529
4117584414
3243336804
2855228079
719917494
2419118664
3337626114
4180088739
593380629
1623260094
3119168379
4290554994
1703132979
2514681444
417611169
2561435949
3467606244
419088384
3130397049
4278139044
1385039094
143942109
1086713064
2902496409
611469564
2278023084
1685294964
1907629464
1268514804
3355753299
390024504
3784628364
2350338279
3432406299
718435434
3987990354
2800238094
3192434724
20500179
3856135209
678872949
3283233084
1851344079
2517002964
3233488449
3243587979
3016472484
1026775314
1509805494
2951421474
3690081504
2320865634
2481231819
2621101104
3752182164
336171564
1401445794
3438174909
680454714
3156245889
2418972804
2821033599
2004842349
2878658754
260357514
935749749
1599921729
1728144399
1474000689
237527874
2705549454
167936589
2541386319
1732929984
1851446334
799254114
3572070564
762980109
2410127619
3173170749
189863019
2363227254
3901550454
156964194
690747279
2974564509
4013870814
2134310949
3297901959
214635759
2429471154
4066488789
136107999
627195414
3085801884
556258749
919900734
1790087979
2567179314
779754009
1688724714
4218402489
3670850934
183234039
1591622499
342144429
2109401274
2393767074
3248613264
2741127054
507823029
963509049
4224393714
3963276264
3076871274
1529414229
1660386054
1344094764
2677007814
1410326934
1914377274
3407074089
668026014
1456449549
2801493714
3885123354
664961679
2925241644
4211789064
1234848684
3658671369
2031382239
3752315019
3652495524
1145157534
868589634
1531388184
54101274
372005184
4059711144
1894010679
2284308579
4146239274
870166299
3428700384
5047179
4270004799
440701674
972182364
365192349
3034907199
1013999304
4091315079
2569528374
2972336064
3982977054
4116685794
2583611259
2428891029
3476052864
3002881239
1419273864
3912391779
3780980334
1639226919
3841823079
2235010959
2699061744
2164290534
2320199064
2057680644
189061299
1896518859
2307285099
3347165664
3741740934
3047360379
728099679
3232897869
2293250154
3760052484
4032529419
3019607964
1169029359
3548274729
1851475659
970692654
2823029484
1572494949
1122331464
4227856869
3967054854
1787538744
1445195379
50504754
1119803139
3825676734
3189224784
1086233154
3981011769
993171414
3745068174
2667381564
1902026094
1861691469
975197739
2867792184
2576404449
2088650904
2201933889
3271117269
2018069964
3796296144
273932949
2094115299
4157566374
1731967869
2986676499
2144144004
392505654
362999604
1718819559
3018186594
3989045289
41490759
3622244109
1355345619
3952062639
1197822939
2807728974
1159858029
425120409
113329104
3515304249
2635850049
3405221514
481631979
784714524
2640668019
1021539144
2382313749
2022356004
805153029
1420112559
3661573269
1256261544
2457521409
3088578324
4052249844
4211559309
2020474869
787920639
4166901414
434150469
468524724
1915232034
1718924874
2662838484
2120656719
1417455714
1873136889
2976887049
2988914379
2080806084
1268980944
441401904
3497239794
4290358389
68231334
3652369044
667168449
1895731419
3903479529
43638369
2022790014
765463044
4078199919
180510639
235741089
1746000264
1438455729
1545014109
2217242559
3021855534
1124993154
3878460459
1973284569
1277849079
1717335714
3792324519
1517831364
2888706264
2642233209
2104815864
945723309
1121883939
2545244214
1392744939
3625704204
4291690764
574733499
1551998559
2340610029
1460420409
1216995114
421049589
142409814
1764342414
3162730284
3241652019
64396644
1439191149
2557810869
89598549
3603577854
1359014049
860943714
3255137439
4095146709
3420305529
3288664329
1932537099
1264382529
1793089584
3233943114
3810168399
441184134
1029000954
291831909
4065844914
1227094389
80400699
1557852339
1568077584
1478350989
86996529
455017629
1119045279
1411875804
26484009
856092084
3537313554
701338704
2710035924
514696044
3012390444
355353939
3556102209
3654092334
3421673349
2396439219
3259118754
2870550009
2079425004
552436809
88425294
927470154
366058584
2160793464
101380824
964059339
121357014
65888904
116687964
33597234
2479249194
367250454
239937114
1627241664
2008105074
3839502069
3941167764
3796564914
3974014314
3669535389
2874968649
2291072454
552500559
2701970274
46070814
2686086579
1975564524
2767652154
3386476974
4285253799
3689396574
2312844609
406114239
3395804619
3989935239
1136048169
3859213824
1272983679
163675794
3887433654
2780336874
3109684929
3936445929
1737696954
2530888734
828074979
2094696189
793635189
1534677429
4232483079
2105605344
257796039
2954097444
1108620624
2912800704
1357357059
1855317744
2181371709
967583694
1603346634
1881782919
4149481599
1338272604
347812059
61869084
1377611199
154496304
1426177989
2632478184
1096725384
2501665479
3538378434
2370393774
3483383349
2572243104
468082044
2389753884
3166437474
227739954
4231520199
2900235324
3228170424
2031614799
4215556179
3426447969
2186916174
4212963849
297189459
1400657844
512335254
4187206809
78704949
2475019509
2679470094
2472128829
4155092874
4264631184
248252154
1462377534
707440854
849880539
3936282729
2090768169
4271874969
4165932669
2912479659
152733489
2548833339
1647445824
3824541984
476790549
1313259144
480225654
1713266169
94104909
4216007529
2517094254
928770909
3974288949
1390950249
3441587064
3747358074
4290019749
3914705394
3077322369
506527119
3807380484
426124854
644773329
3852907929
2614269654
3029374974
3218222109
864556809
1297075569
2038432989
3329594124
1518002469
1760202999
2716098804
2645234304
2544512874
2196482499
2810720634
1693786719
3111996759
2438054199
2966138544
2036348364
2907025719
2851970199
1916208684
2760130929
498514254
1070364249
3905507799
1145130249
1605418254
809115474
383979219
897959769
4086778119
1217993184
2409126234
4004127264
1940255949
1946413179
3134634639
1190487354
967699209
1494367029
1246759989
2632475889
74924829
3083151669
1719690639
6240069
2803282029
1230905619
438440844
3702416619
1008611664
1949496129
1363845789
313097379
1666902069
3360013074
2884810884
3472878369
2669886939
676135269
4159416144
669494559
2460242514
3422659179
3229880199
3063817059
505074129
1139190024
2544835449
4082306439
3161203344
2008515369
1831140939
1154699634
1565575779
4293709344
1656923664
1680916359
2340855849
3532430814
17342514
2426410389
2829781119
1119087864
3192083589
2598805179
2629209084
1592514489
2344968999
875057199
3450797919
2993352144
2217523569
3581605269
2462465094
842284854
2256307029
1039224414
3702338844
740664549
1135017714
337297899
367277994
3911609184
3239341974
2357522139
2144575464
3512449014
2712745554
34741419
802484454
2999074599
3104834829
604855119
3682854549
1601421894
3925176459
764638884
2210487354
1885795089
3777523809
292349304
2496869439
2801030889
3980441589
535570599
2660412159
4182161634
88380159
2306895714
1780363299
2184660954
850998204
3336946794
2374835109
914601069
162584649
3409340784
549059844
4099195854
2330820834
2418724179
3795123144
2006325939
1990987434
1841743839
1704206529
3748904649
1380325929
1945209579
4127922114
1682229864
3035821374
9327354
2962560894
2595682959
4095724284
2875407504
113549679
2937443139
3537578244
2584885749
2933116299
1248280044
800210874
52639104
2206547094
4209399204
2351759904
725923764
820079709
2896516914
1246613109
1661749794
2930302629
2651249754
737708844
3724395834
2857028889
3628836114
2844477279
3040518219
3826824489
3101927574
3290741814
3471137739
785045769
4091660094
1561389189
23268969
3946124454
3045507294
314638854
781507644
773834439
3234412314
2258217744
1341428739
1096336509
1161929904
3760953654
1532621619
3754286424
910876794
4159693839
4048277454
819890244
145583034
1529669739
3751698174
3893119899
430807929
2626434429
3186224454
987136329
1104768084
1342219749
1089609609
4038141714
2105132829
333812559
3370995924
800384529
59469789
2588754099
2952833154
850763859
2078971869
667056759
3707711949
706047279
3160134639
2931426669
595281399
1792629309
169628004
3989118729
2674337454
2194555209
3718780224
2295569889
1486228704
2780855544
2108376429
1369585839
444278304
4253681484
4207117974
294289854
3197579094
1225642674
2274844509
3830733639
4107118449
3531720894
1767950664
3342501204
1458083079
4246949229
404161194
1426925904
618476709
3915928119
2009104929
2327345184
1146776529
137608929
3164827659
750955584
272135964
888197604
4194719874
3628566324
2985229629
2200755024
2392242174
2923743774
3036557559
1362724299
3504399684
920323014
822829119
2947902729
410859279
2901309639
508026519
1368845064
1342247544
579847779
2245102329
3133844904
1764881229
2540625399
2251695609
895676244
1007507514
4271134704
996001404
1018301154
3844275159
3050444349
3706411704
1619850999
1414665759
949810449
4063973214
1115630319
1391072394
1989508434
478048974
3254815119
2322856164
3959650419
3653230689
2044420899
2146085319
1433815494
1457094189
2051107509
2806433574
4230796254
2701474044
2448383484
1953396864
2917401924
1254536724
3316783434
1543872219
620840559
4103512494
78783234
2970033414
978636414
562299444
1762968219
1216620519
1144216839
2950690389
312385164
2395709664
562622784
3989392344
4236586029
3496830519
2457885804
2119042569
10603629
4261519929
2301736044
2353151694
1915903194
4186077159
3931905909
3318728319
4174649589
1287619659
1061028699
681291114
1883626824
475740204
1820640294
3182411184
4015796319
431517594
762292884
1380306039
1679539359
3440846034
236826624
4021325739
1273394739
2790882144
3770448324
2587232769
4217431194
718878879
3854068689
4022208294
3370450989
2992655229
1168400274
2634263439
1375074204
187148034
458980584
309978729
427917504
4215590604
1573587114
2054557914
1428509709
1399756674
3012243054
3452528349
336857514
1863600399
482668299
2622931239
2537572029
12489099
1913852739
1797114504
4243687779
10984854
2195253654
1154136594
4286910024
2354422359
717127539
1495792224
129744984
2306804679
4198614234
2343787584
3155815449
4048130319
4030598049
2111133234
418472814
3938688399
3717960144
2244391644
248885574
11489244
3426009624
296538444
3607676469
820171509
818866164
3756969279
1394817579
3007170339
4085498784
2851600704
615076539
1890127029
4042522614
2693706999
1783377654
4233127209
1128152349
1694418354
866374704
3222797064
1952698674
1300611654
153024189
3127884789
2438628204
831772989
3583516494
2991736209
15937719
4036162404
1327216314
4094359014
607999269
3390276729
3829258464
151457214
1249874304
1941392739
1272147279
1436294859
1535698959
3780730179
1932116094
2799308364
1566536874
2704345599
1047690669
2143301229
3121757139
1535378679
2916706794
1000147194
8300214
916579104
372834189
3789590919
4210548744
3059196459
569291034
770303454
3095521719
3076609899
1121801319
120162594
851411304
2577453009
786535989
1860889749
508489344
1273526829
1471638624
844677264
2274729759
4280313429
3116656884
2791644339
3819349674
3697173564
3110685549
2764889229
1612788519
909817779
806939559
2266128354
1501226529
1573338744
3142180854
2319820899
1191380364
3424657359
3819333354
726003579
1996293984
2239681539
3412553784
845727609
1767348609
1578127899
814126734
2454231654
2978097024
538994484
2359917099
3298332144
2766912144
330079104
3280902894
3765265959
1645483599
2063428344
3726244074
1113355209
2058403824
47222394
6822999
347618004
3857268684
2823640209
2902036389
1955655144
3346801014
302775999
1904211699
4293811344
4120608714
1129670874
3475920264
4095057969
2565389724
2866304769
1761074844
44752464
4128953844
1476845469
4095697764
3952836309
2060759769
1010238819
556616769
1406997399
1272555534
2814633864
220544619
410348259
3013652694
3999910839
1566277539
3204999849
2331120714
2790010554
2260360764
1993340829
1669426314
1945658889
2310301239
1895398389
1657753689
1864929714
3921737019
2729531439
354440784
719940444
4047189624
1817731509
892130214
2760081204
4129305999
3647641344
291999699
1461407514
2618103069
379918599
1173408984
3569181924
3146870049
2731316184
405722814
920735094
3904169049
2095260504
2934935214
3628135119
4273786959
740836674
460648029
3970473894
3624876474
834510669
2707333434
4173585729
72698169
3846991674
1340924094
4047014439
1129700454
3760892199
4235844489
4054199574
409536594
2414109189
2062107444
4033777389
306294744
888466629
3713367339
1798846719
2381926914
1590887589
3851381754
1721733189
3170634774
676648329
660372954
1263744
3402202824
798065304
2560360359
1325115879
927687414
2607230634
84697449
3335111814
1432310739
1511428314
3923441694
1491065799
322243209
2026651479
2014745529
1130175009
298175544
2347632219
1206861159
2501025939
2264465244
4065766374
618547089
891406779
2788386714
834206964
633046134
950868699
2781160014
228296619
2966818374
4068668784
70493184
1376268369
3583059534
1403355234
3172712259
2215248969
181036194
2299834254
1729648899
1306133169
1770333384
3341622219
950494359
3617860659
3926404794
2194156134
2132676144
1284779469
3541427214
2565999174
3628179234
2440227819
62188854
2014567794
3601777299
2858596119
1325412699
4231540344
3279438939
510106809
4156313049
2061079794
1760728809
598758069
3518710539
3091485324
1252829754
3533448519
2157555984
1790409024
3771802884
86238414
2222650599
1361444199
502439724
751757814
965911149
4262118159
2363108424
2534595924
2109130209
1966852449
2254679364
2205036984
1879532034
2717583669
2325229959
4280069904
2066447034
3409810749
3632676669
3373955964
141074124
4076873409
2285276559
1327309899
2811442029
757214049
3583442289
18289329
3069111114
3929810064
2195657829
715941279
1619415969
1000222164
3322347279
532888509
2517071559
3709200639
2089043859
1063236489
105914469
839660394
2001709929
4098805449
309884889
1597301094
3176548224
701126544
2739531774
3207474879
479657769
2277465909
2722929999
3254508099
3067602024
2054076474
1825824699
737460219
403518084
2858512479
2741164794
130896309
3808974999
1680840114
2754109104
3761950704
3066564684
4056693474
2664577584
3324297519
1252899879
395393784
2047010169
3912943089
132077214
1301149959
3598819809
358273179
1911317784
2738033394
1805176584
3122845479
764604204
3949814814
1128325749
1587715644
358754109
1286936004
1620674649
3055311534
1759838094
3458567769
612258024
1135962234
4253165364
2048793129
3169491354
2694013254
698031609
3469218354
917673309
2213327799
3813897264
2782643349
3522059199
3658377099
4157830554
3388448124
1430101674
1519137984
518270124
863588319
3888938154
2612469354
347523144
277551399
2520254724
3607363074
3021549789
2437405989
2127057219
3542353629
2715962889
2261476899
712804524
909494949
3102549519
1025818044
507202869
4023166584
532219899
1185253224
2748474624
3388955064
3796191594
969881244
2337019374
524519154
4269126324
160179744
2122748994
951058674
1464193389
1724895189
2235460014
767907474
1487631459
262836369
787287729
1549889199
3790204194
2380456839
4200861549
2186217984
2596173579
3490644219
1211759199
1407091239
103171944
3853676244
1093005189
4020341694
1234687524
625042449
2301054684
3934598199
3708437424
1586008929
688952589
2790447369
3469538124
1554629904
1365641499
951348099
1475577864
2361906864
141183264
1129558929
879400104
7798119
707623689
648946149
1992544974
3813986004
3637559154
3944418759
3829839354
1082493324
1052583864
3187199319
1233608619
1301585244
4126796799
3170531244
1826730204
167620134
3380363859
1263473199
659928744
4089552519
3805717119
2877131304
3095121369
922838844
4251807489
3073853349
2186447739
1810547394
2066427654
3371207319
430288494
3287142744
3083601744
242669949
2888891394
3463099374
3874559214
192661644
2851721829
3003831624
3651442119
290137944
1482778554
4272312804
1534276314
1738111839
2566128714
1173601764
3501082644
1546670334
882268344
1426138464
2214671139
612400824
290154009
45447849
201909474
1380188994
1107318594
3031870659
1973029569
3708571044
947965779
3102147129
2258747124
813555534
1542497259
2629097904
3631561809
927191949
1055176194
2021490534
2019866949
707246544
236779449
197516844
4159013244
1675356849
986939979
3878367129
3369734949
2018461899
2203465164
2139354339
2493492984
2743900944
2868480174
3946826214
1956797799
988835904
1890601839
693339354
1695322329
3910301544
860677239
576856629
1